=== MATLAB Verification of Givens QR HLS Testbench (v2) ===

============================================================
  Givens QR + Cholesky + Back-Sub (Architecture B)
  M=64  ITER=16  TOL_QR=5.0e-02  TOL_W=5.0e-02
============================================================
=== TEST 1: QR decomposition properties (M=64) ===
  Result: PASS (0 violation(s))
=== TEST 2: Back-substitution with diagonal L ===
  w[0] = (0.999992, 0.000000) — ref 1.000000
  Result: PASS (0 violation(s))
=== TEST 3: givens_qr_top — diagonal Rxx ===
  Steering vector a_s (first 4 of 64):
    a_s[0] = (1.0000, 0.0000)
    a_s[1] = (0.0000, 0.0000)
    a_s[2] = (0.0000, 0.0000)
    a_s[3] = (0.0000, 0.0000)
  Rxx diagonal (first 4):
    Rxx[0][0] = 1.000000
    Rxx[1][1] = 1.063477
    Rxx[2][2] = 1.128906
    Rxx[3][3] = 1.196289
  Output weights (first 8 of 64):
    w[0] = +0.999992 + 0.000000j
    w[1] = +0.000000 + 0.000000j
    w[2] = +0.000000 + 0.000000j
    w[3] = +0.000000 + 0.000000j
    w[4] = +0.000000 + 0.000000j
    w[5] = +0.000000 + 0.000000j
    w[6] = +0.000000 + 0.000000j
    w[7] = +0.000000 + 0.000000j
  Result: PASS (0 violation(s))
=== TEST 4: givens_qr_top — DENSE Rxx (off-diagonal path) ===
  === FULL Rxx (MATLAB paste) ===
Rxx = [
  4.48015547+0.00000000j,  0.54431432+0.16730654j,  0.51591748-0.08944589j,  0.53215796+0.05156666j,  0.41347831+0.04833591j,  0.53721839+0.02070326j,  0.44468915+0.15522015j,  0.52326465+0.17222184j,  0.50120562+0.03396636j,  0.56062585+0.04275650j,  0.48926300+0.16308677j,  0.55557245-0.03290153j,  0.50429779-0.07584387j,  0.64655477-0.07450181j,  0.58845657+0.14375430j,  0.42426085+0.00429529j,  0.51795709+0.17363083j,  0.57759368-0.10578853j,  0.37140715-0.07795238j,  0.54308754-0.15924919j,  0.64701515-0.03598350j,  0.56789517+0.05781740j,  0.45701039-0.07099569j,  0.54156941-0.13133591j,  0.59024686-0.00658655j,  0.62052447-0.01267004j,  0.41852868+0.18216252j,  0.49525911+0.09700525j,  0.50351238-0.04058194j,  0.42008466+0.08902305j,  0.57649797+0.01296842j,  0.64519185+0.05798298j,  0.39170837+0.02750945j,  0.51728201+0.07661539j,  0.56439286-0.01091403j,  0.62251651+0.01820707j,  0.50345802+0.06267172j,  0.53584862-0.13638848j,  0.53423423+0.01163411j,  0.56821769-0.06884450j,  0.67591262-0.10455370j,  0.43893296-0.01346231j,  0.52026445-0.08647287j,  0.59363657-0.06210536j,  0.59434307-0.00986260j,  0.66508794+0.02269423j,  0.51621056+0.02435118j,  0.60628533-0.06783652j,  0.51529372-0.02028900j,  0.55125195-0.08873498j,  0.67042875-0.04631937j,  0.46438473+0.04612517j,  0.52811009+0.11520517j,  0.52180266-0.06165981j,  0.56969297+0.01569086j,  0.47881240+0.00941902j,  0.52044559+0.12734407j,  0.64710158+0.14756995j,  0.59709352+0.10343021j,  0.65727490+0.14305431j,  0.42673957+0.13675332j,  0.49761689+0.11245513j,  0.70505196-0.01001263j,  0.42805195+0.01256472j;
  0.54431432-0.16730654j,  4.42156595+0.00000000j,  0.39164597+0.10441703j,  0.64173263+0.02787429j,  0.64646447+0.07784039j,  0.44895834-0.08410025j,  0.47638589-0.06516421j,  0.56393969+0.06537360j,  0.55700731-0.04920250j,  0.62640560-0.02562213j,  0.39969331+0.03901798j,  0.49877703+0.07434994j,  0.52990103-0.04061812j,  0.57960057+0.04335952j,  0.64596605-0.04530507j,  0.40068930+0.06431454j,  0.48830295-0.10751522j,  0.51681954+0.14333773j,  0.50794125+0.07707596j,  0.35799456+0.02100044j,  0.44506246-0.03195435j,  0.48113883-0.05345404j,  0.44870788-0.01835179j,  0.58221138+0.11932701j,  0.51032406+0.05293638j,  0.57888103-0.14634407j,  0.56357336+0.12242693j,  0.44726253+0.05238515j,  0.53217840-0.02447557j,  0.55067366+0.13972652j,  0.47964102-0.04494202j,  0.60759264-0.05673975j,  0.69386101-0.02184868j,  0.61730957+0.08011693j,  0.52528799-0.12578321j,  0.63089538+0.04353112j,  0.51964694-0.10271078j,  0.36606771-0.02594543j,  0.48250747+0.03242314j,  0.53182751+0.09433615j,  0.41875786-0.05431682j,  0.55277210+0.05456185j,  0.43175995-0.15973550j,  0.46353948-0.02878964j,  0.60645211-0.04766953j,  0.59457254+0.04931140j,  0.60385716+0.00251675j,  0.59860021-0.07628465j,  0.53309172-0.03941882j,  0.41575640-0.12862754j,  0.48582101+0.00351590j,  0.35273612+0.01714450j,  0.39783865+0.00423801j,  0.50691646-0.04796451j,  0.53969580+0.10025972j,  0.35409278-0.14400160j,  0.34980953+0.03723359j,  0.59135276+0.03182286j,  0.63977003+0.10113633j,  0.53647852+0.04191875j,  0.54841667+0.07640886j,  0.42059565+0.05221850j,  0.67422605-0.00576305j,  0.59746099+0.02756476j;
  0.51591748+0.08944589j,  0.39164597-0.10441703j,  4.42173845+0.00000000j,  0.56016171+0.08316821j,  0.56377041+0.14275539j,  0.43488574+0.05652744j,  0.56784004+0.07292211j,  0.50327832+0.09103280j,  0.69699383-0.05322367j,  0.47577465-0.06012642j,  0.50557983+0.10088754j,  0.55151683+0.05541670j,  0.54905683+0.00579685j,  0.54401362+0.03092128j,  0.51008421+0.09034997j,  0.51698142+0.08413392j,  0.63160104+0.09819424j,  0.65361279-0.04775953j,  0.59559667-0.11005372j,  0.51270592-0.04971629j,  0.51087713-0.06135345j,  0.41486019-0.04648072j,  0.56444240-0.05336839j,  0.36514574-0.07208693j,  0.38616353+0.11880809j,  0.55476326+0.01730341j,  0.40975934-0.05735654j,  0.38017690-0.13562262j,  0.47906429+0.00718606j,  0.59502596-0.13785726j,  0.58635968+0.01486945j,  0.48960590-0.06995356j,  0.53280360+0.06787825j,  0.40176940-0.07678741j,  0.47009617-0.09944224j,  0.53250450-0.05226326j,  0.63282543+0.11421394j,  0.36952138-0.03111863j,  0.59661031-0.00119191j,  0.58987898+0.08888459j,  0.39805484-0.07234126j,  0.44149715+0.02037621j,  0.50935471+0.16113836j,  0.55790955-0.00485754j,  0.51838493-0.15069395j,  0.58095628-0.11488384j,  0.43796295-0.11379176j,  0.61472768-0.05974239j,  0.58202618+0.03163564j,  0.43387842-0.00400251j,  0.46895313-0.09405023j,  0.34306842-0.00934511j,  0.48464555+0.02423370j,  0.51057059-0.08656836j,  0.56778806+0.09522283j,  0.45699561+0.10305083j,  0.54676646-0.09060490j,  0.56451613-0.08860880j,  0.48258966-0.06568122j,  0.56537873-0.01297575j,  0.55253673-0.00649446j,  0.52777678+0.02673447j,  0.46989369-0.00788289j,  0.46418029+0.02375853j;
  0.53215796-0.05156666j,  0.64173263-0.02787429j,  0.56016171-0.08316821j,  4.42506409+0.00000000j,  0.52571577-0.01503497j,  0.44412088-0.01323080j,  0.39656675+0.05457991j,  0.49844497-0.06912398j,  0.57188296+0.16224045j,  0.53206140-0.03625971j,  0.39474136+0.07986200j,  0.38676649+0.01697320j,  0.49805039-0.02393007j,  0.62630492-0.04655927j,  0.52428246+0.19213247j,  0.48027968+0.05119669j,  0.45514518-0.10320646j,  0.40333819+0.13735878j,  0.60580772-0.01344395j,  0.36863571-0.03032798j,  0.44370663-0.04242229j,  0.40670753+0.09588528j,  0.49835080-0.05002624j,  0.49367976-0.08163553j,  0.55752015+0.09581053j,  0.36208010-0.01847750j,  0.65649623-0.13368738j,  0.48095876+0.04293555j,  0.61715895-0.10610735j,  0.59991181+0.17434251j,  0.64008570+0.13507497j,  0.60890383+0.06427974j,  0.51923198+0.06453311j,  0.40128994+0.12371683j,  0.62546194-0.08284342j,  0.59414673-0.12646532j,  0.67437768+0.01661456j,  0.52875340+0.00819355j,  0.46446341-0.12115109j,  0.51274008+0.02462560j,  0.48159289-0.16963512j,  0.37151021+0.02373666j,  0.53949761-0.00320596j,  0.56450379-0.10794836j,  0.38759404-0.07998782j,  0.45538473+0.07568389j,  0.58056903-0.06300384j,  0.67494220-0.18940926j,  0.57245159-0.12994021j,  0.61497742-0.04257244j,  0.55835944+0.07050949j,  0.49109697+0.09113562j,  0.52549970-0.02715105j,  0.36162412-0.11772257j,  0.41272932+0.04320616j,  0.53493720-0.04447961j,  0.43132037+0.06001681j,  0.42601025-0.05758476j,  0.50151241-0.05211687j,  0.65304321+0.04990828j,  0.56010121+0.09727901j,  0.57171184-0.01946175j,  0.61458606+0.02463531j,  0.54901934-0.01847124j;
  0.41347831-0.04833591j,  0.64646447-0.07784039j,  0.56377041-0.14275539j,  0.52571577+0.01503497j,  4.40408796+0.00000000j,  0.41411173+0.05962443j,  0.37069201+0.12181097j,  0.40583932+0.00230092j,  0.51875770+0.10572636j,  0.50668925+0.01919264j,  0.43503773+0.04415047j,  0.51178044+0.15981150j,  0.54503000+0.19031936j,  0.50897056+0.04486197j,  0.66269302+0.11548609j,  0.65852261+0.18517452j,  0.56538028-0.00093013j,  0.60223675+0.00054562j,  0.35662466-0.03205937j,  0.50673234+0.00912333j,  0.48609877-0.06361556j,  0.36680251-0.09415662j,  0.47195780+0.01980001j,  0.57102782-0.06618983j,  0.51640344+0.07753909j,  0.69353366+0.05596018j,  0.52913040+0.03984123j,  0.47473729+0.05419564j,  0.57243538+0.00002515j,  0.46351051-0.03511393j,  0.48697466+0.16335905j,  0.54878765-0.15002537j,  0.46922237+0.09356183j,  0.48535085+0.11121184j,  0.42870271+0.16850805j,  0.58196831-0.03989726j,  0.64757442-0.04306793j,  0.35242343+0.04139119j,  0.57468170+0.07626438j,  0.40421176+0.04354525j,  0.63060141+0.12259316j,  0.48821527+0.05507612j,  0.64468479-0.04622960j,  0.46730012+0.03338969j,  0.52095020+0.01151067j,  0.46726727+0.01371855j,  0.61468905+0.08629322j,  0.44678807+0.05433208j,  0.34904897-0.09204727j,  0.36171532-0.01798338j,  0.44965380+0.05650437j,  0.43224329+0.08496827j,  0.46498138+0.06725854j,  0.40979421-0.06627131j,  0.57459545-0.11316651j,  0.49589974+0.05069858j,  0.40248334-0.00918812j,  0.46325767-0.09584707j,  0.61208165-0.10556614j,  0.58068991+0.01472425j,  0.54300022+0.18172568j,  0.51876712+0.02706248j,  0.52086055+0.09151924j,  0.55878496+0.08421415j;
  0.53721839-0.02070326j,  0.44895834+0.08410025j,  0.43488574-0.05652744j,  0.44412088+0.01323080j,  0.41411173-0.05962443j,  4.37033165+0.00000000j,  0.53768557+0.12258655j,  0.46145147-0.03540933j,  0.62610579+0.03024226j,  0.43041331+0.06185800j,  0.35871810-0.01602119j,  0.62102824+0.03899902j,  0.46117461+0.02108163j,  0.59595144+0.12691605j,  0.51769155+0.05534226j,  0.56729299+0.05398101j,  0.41537178-0.07994771j,  0.58380169-0.04160595j,  0.58814573+0.05311966j,  0.47402000-0.10285074j,  0.35574114+0.01194137j,  0.48412532-0.16825199j,  0.58753407+0.18488896j,  0.33410966+0.11127013j,  0.43192506+0.00512499j,  0.42127258-0.03906542j,  0.36598182+0.00381637j,  0.35023540-0.11978298j,  0.51247042-0.09845132j,  0.35427707+0.16307718j,  0.43440467-0.00238359j,  0.41499519-0.08173841j,  0.42821723-0.07215488j,  0.47521365+0.15942103j,  0.46746248-0.10915524j,  0.44827420-0.01715207j,  0.44565779+0.04245859j,  0.46924496+0.01798582j,  0.38211882+0.08196288j,  0.44901639+0.06809497j,  0.54938805-0.10993224j,  0.50007772+0.09991258j,  0.46727306-0.03101498j,  0.49183452+0.14653039j,  0.54808152-0.05618578j,  0.49503511+0.15384328j,  0.60581446+0.07171327j,  0.38934934+0.10272223j,  0.55127013-0.05948311j,  0.59890175+0.08731270j,  0.40962154+0.09817588j,  0.48595518+0.01127058j,  0.50925767+0.00390697j,  0.48505825+0.02828085j,  0.53321308-0.10596442j,  0.44015044-0.09953415j,  0.46107566+0.02608514j,  0.36873978+0.09617341j,  0.53243494-0.00305539j,  0.43720853+0.02449411j,  0.44018805-0.07621837j,  0.41210341+0.04234391j,  0.36029679+0.07849568j,  0.31977081-0.03636855j;
  0.44468915-0.15522015j,  0.47638589+0.06516421j,  0.56784004-0.07292211j,  0.39656675-0.05457991j,  0.37069201-0.12181097j,  0.53768557-0.12258655j,  4.43099505+0.00000000j,  0.50476456+0.03417242j,  0.65817648+0.04356974j,  0.65332764+0.13150078j,  0.61332929-0.02069837j,  0.47510564+0.00639564j,  0.51306492-0.09584689j,  0.62369031+0.08692771j,  0.61444640+0.01142269j,  0.47233504+0.08922201j,  0.44242698+0.05376953j,  0.60471833-0.03298557j,  0.62223339+0.12922472j,  0.43209332-0.07400626j,  0.57654876+0.18164945j,  0.46956480+0.08860958j,  0.47429144+0.10099989j,  0.54944801+0.05475831j,  0.48474693+0.04605806j,  0.54605186-0.15213495j,  0.56312823+0.04409987j,  0.54465961+0.02041507j,  0.36265558+0.00104332j,  0.49723881+0.01719528j,  0.46907640+0.07711840j,  0.53407681+0.16322666j,  0.61282837-0.15549546j,  0.53246027-0.08077949j,  0.45573664+0.08482122j,  0.52786833+0.15077734j,  0.34478158-0.06652492j,  0.64394778-0.05368352j,  0.62472117+0.03226137j,  0.50380141-0.12137902j,  0.60470200+0.01183486j,  0.39507449+0.12951165j,  0.46953923-0.01598197j,  0.50894535+0.11411160j,  0.51074696-0.03950143j,  0.53933555+0.00281703j,  0.55426484-0.02065676j,  0.50494355-0.01388508j,  0.57090372-0.00926846j,  0.63922369-0.03107136j,  0.44113278-0.09295160j,  0.61173517+0.13816470j,  0.56625783+0.11806571j,  0.58934444+0.02209300j,  0.50444168-0.04929036j,  0.55092168+0.14973438j,  0.47222644+0.08534390j,  0.60316616+0.01254410j,  0.66025656+0.12092131j,  0.57821375-0.11455709j,  0.41327035-0.04821235j,  0.62860006-0.03466105j,  0.59536570-0.18635398j,  0.44930756+0.07881433j;
  0.52326465-0.17222184j,  0.56393969-0.06537360j,  0.50327832-0.09103280j,  0.49844497+0.06912398j,  0.40583932-0.00230092j,  0.46145147+0.03540933j,  0.50476456-0.03417242j,  4.33586526+0.00000000j,  0.43331873+0.06338471j,  0.41030473-0.02152145j,  0.38917851+0.09697163j,  0.38987583+0.09169465j,  0.51783222-0.09746933j,  0.47249609+0.10872269j,  0.48981661+0.07459885j,  0.45197886-0.00732052j,  0.53433043+0.03306103j,  0.50770342-0.06147563j,  0.58109039-0.05802202j,  0.36878335-0.12234604j,  0.41335344-0.08955646j,  0.37754524-0.05950463j,  0.44627887+0.16556078j,  0.44200188+0.02868629j,  0.47555524+0.13661855j,  0.47590935-0.08398104j,  0.48952579-0.11573523j,  0.37149131+0.10439479j,  0.54198545-0.08067143j,  0.38606101+0.09571677j,  0.36111575-0.00156689j,  0.50975567+0.02272117j,  0.44144708+0.07410258j,  0.30939871-0.02709270j,  0.43293905-0.10373127j,  0.50853032-0.03024471j,  0.35313582-0.03186798j,  0.36181629-0.02739799j,  0.45984834-0.05610913j,  0.56785762-0.03404427j,  0.33874154-0.10928351j,  0.34247303+0.00223315j,  0.45021331+0.07006890j,  0.31369245+0.08509463j,  0.47874165-0.00823289j,  0.38084519-0.05751562j,  0.52185941-0.03089941j,  0.51850468+0.04803276j,  0.33124912-0.07478327j,  0.54002351+0.05995119j,  0.32287973-0.03175336j,  0.43403107+0.06397939j,  0.37574834-0.02879745j,  0.56543273-0.08373255j,  0.39958781-0.19077152j,  0.38881367-0.00826621j,  0.39875656+0.02240920j,  0.51344222+0.05662221j,  0.45907307-0.09841764j,  0.44739920-0.02045745j,  0.47889280-0.04202640j,  0.43108523+0.05300272j,  0.45371133+0.09920186j,  0.40232068-0.12582701j;
  0.50120562-0.03396636j,  0.55700731+0.04920250j,  0.69699383+0.05322367j,  0.57188296-0.16224045j,  0.51875770-0.10572636j,  0.62610579-0.03024226j,  0.65817648-0.04356974j,  0.43331873-0.06338471j,  4.45362067+0.00000000j,  0.57473683-0.05205637j,  0.48402518-0.10637385j,  0.52861255+0.01158154j,  0.66521221+0.01447409j,  0.50308132+0.10548609j,  0.73644537-0.07944286j,  0.48522037-0.10367793j,  0.51136273-0.07016277j,  0.63208425-0.12376767j,  0.64081043+0.14168566j,  0.55331433+0.02975416j,  0.39047790+0.10144585j,  0.41785431+0.04054844j,  0.45274752+0.04802376j,  0.47426379-0.05397677j,  0.55220401+0.08200192j,  0.68979746+0.05265784j,  0.50590688+0.09672850j,  0.43117422-0.07697737j,  0.54460102-0.00484669j,  0.54039145+0.06876874j,  0.54984885+0.01693255j,  0.59581190+0.03804624j,  0.64842820-0.02505451j,  0.50535268-0.05252910j,  0.42940509-0.02778405j,  0.46267283-0.14629835j,  0.44616312+0.01224309j,  0.61342460-0.02891845j,  0.63721597-0.09517336j,  0.48621315+0.07443762j,  0.58297473-0.09221858j,  0.51670599+0.07963765j,  0.41868097+0.13097918j,  0.52535951+0.12065810j,  0.58215910-0.03618842j,  0.60040641-0.05178338j,  0.44348902+0.12446672j,  0.60396224-0.05668855j,  0.54731095-0.13719350j,  0.71200174+0.00915468j,  0.65696299+0.02241796j,  0.43639094-0.00537699j,  0.46496177-0.03580928j,  0.50872159+0.05077302j,  0.52458304-0.02868938j,  0.47804809-0.09827030j,  0.58700097-0.01485443j,  0.68887925+0.02083772j,  0.69112372+0.08360654j,  0.50884330-0.04142559j,  0.58115381+0.07456005j,  0.51261044-0.00330633j,  0.58396095-0.14873457j,  0.52741808-0.03502804j;
  0.56062585-0.04275650j,  0.62640560+0.02562213j,  0.47577465+0.06012642j,  0.53206140+0.03625971j,  0.50668925-0.01919264j,  0.43041331-0.06185800j,  0.65332764-0.13150078j,  0.41030473+0.02152145j,  0.57473683+0.05205637j,  4.41969687+0.00000000j,  0.64607525-0.02393126j,  0.45655507-0.04357600j,  0.64093834+0.11376238j,  0.54976398-0.01721871j,  0.51166403-0.01191723j,  0.33774984-0.07733530j,  0.50888044+0.02987701j,  0.64992851+0.00807416j,  0.58478791-0.02329069j,  0.47409844+0.04243165j,  0.49570316+0.01955009j,  0.45006597-0.05255771j,  0.47362632-0.00927794j,  0.56442934+0.10807574j,  0.57796299-0.04082859j,  0.35097301+0.06217551j,  0.52250457+0.08403534j,  0.53633720-0.08628207j,  0.43956673+0.00447679j,  0.56249905-0.03757030j,  0.55989164+0.14071453j,  0.42427695-0.01049715j,  0.45666432+0.04910612j,  0.59933764-0.04411310j,  0.41159123-0.17367375j,  0.51042891+0.03981191j,  0.52727813-0.12009293j,  0.60992986+0.11159658j,  0.53053457+0.06539488j,  0.54266512+0.00778151j,  0.56151217-0.09536409j,  0.64954025-0.05288386j,  0.46334916+0.00949615j,  0.55842704-0.02055484j,  0.53620863+0.00660932j,  0.49279565+0.17148936j,  0.62975693+0.10475498j,  0.49481678+0.05477512j,  0.46002758-0.09120125j,  0.67344195-0.14716685j,  0.58959341-0.04470229j,  0.39524001+0.00258690j,  0.60215580-0.06344461j,  0.50040168-0.09282297j,  0.38040167+0.14090586j,  0.41971409+0.06455624j,  0.41798109+0.04901940j,  0.48222989-0.07094461j,  0.51418108-0.03237665j,  0.46166503-0.10744476j,  0.43138415+0.08282942j,  0.47496164+0.11662000j,  0.60769606-0.01025075j,  0.49017990-0.07254112j;
  0.48926300-0.16308677j,  0.39969331-0.03901798j,  0.50557983-0.10088754j,  0.39474136-0.07986200j,  0.43503773-0.04415047j,  0.35871810+0.01602119j,  0.61332929+0.02069837j,  0.38917851-0.09697163j,  0.48402518+0.10637385j,  0.64607525+0.02393126j,  4.37404346+0.00000000j,  0.52755952+0.12243831j,  0.43568796-0.01101083j,  0.43866628-0.02372605j,  0.49501455-0.11543930j,  0.40817738-0.03155386j,  0.39896560-0.17386824j,  0.52278340-0.15955573j,  0.44689614+0.08043379j,  0.49039114-0.02352411j,  0.51030779-0.16372240j,  0.44686836-0.14734375j,  0.55177605-0.05837172j,  0.49784112-0.13342118j,  0.54437536+0.10316426j,  0.42333025+0.02938414j,  0.39798051-0.13843530j,  0.48692077+0.06325847j,  0.40612710-0.00832254j,  0.45678198+0.12266892j,  0.45557821-0.08381647j,  0.52859014-0.08091855j,  0.56577575+0.01921535j,  0.48634392-0.08678633j,  0.48839289-0.08481389j,  0.53458488-0.18282813j,  0.38991624-0.15669674j,  0.41365230+0.12000310j,  0.52738893-0.04025286j,  0.49600226-0.05989003j,  0.51623493-0.13437492j,  0.42082018+0.00659084j,  0.49585158-0.06156516j,  0.55216044-0.01291835j,  0.58815348+0.07589930j,  0.46861303-0.11642027j,  0.67762488+0.17495799j,  0.53534317-0.02082843j,  0.44069129-0.14577436j,  0.53269082+0.03189772j,  0.52043468+0.05137169j,  0.43047893+0.04517841j,  0.48127949-0.01550049j,  0.30220157-0.13835716j,  0.43490463-0.05043203j,  0.35778457-0.03943801j,  0.47636592-0.00598890j,  0.65011579-0.05414802j,  0.63414747+0.04898882j,  0.60668147+0.00911188j,  0.50114316-0.04814643j,  0.63534284-0.06199139j,  0.41869080+0.10516286j,  0.47087443+0.12318194j;
  0.55557245+0.03290153j,  0.49877703-0.07434994j,  0.55151683-0.05541670j,  0.38676649-0.01697320j,  0.51178044-0.15981150j,  0.62102824-0.03899902j,  0.47510564-0.00639564j,  0.38987583-0.09169465j,  0.52861255-0.01158154j,  0.45655507+0.04357600j,  0.52755952-0.12243831j,  4.38869423+0.00000000j,  0.36351717+0.07098943j,  0.41012645+0.14123350j,  0.63283271-0.13265753j,  0.56825203-0.06020278j,  0.44617081+0.11101335j,  0.64777452-0.13830471j,  0.41253406-0.08767349j,  0.43388039+0.09290093j,  0.59985656-0.12274456j,  0.45365465+0.02509058j,  0.62659901-0.11448777j,  0.48931098-0.09631425j,  0.49096841+0.03443336j,  0.50789803+0.02263480j,  0.36027980+0.07586056j,  0.52432048-0.06574053j,  0.48029339-0.01083910j,  0.41761214+0.08941162j,  0.46339107-0.05827159j,  0.42943025-0.05215937j,  0.44666290-0.00322014j,  0.46382332+0.00283599j,  0.49809247+0.15601772j,  0.51445049-0.07155126j,  0.44204116+0.01268023j,  0.53988004-0.11904222j,  0.35090184-0.16813010j,  0.60709202+0.03070343j,  0.54258513+0.04135859j,  0.47205907+0.07358390j,  0.53609902+0.09143001j,  0.55718607+0.03458726j,  0.55295628+0.03344983j,  0.33175886+0.09976029j,  0.51853710-0.09519768j,  0.45421517-0.04901803j,  0.59797448-0.20960081j,  0.55722773-0.02851748j,  0.43502933+0.04093236j,  0.62910020-0.03779703j,  0.41868138-0.01945513j,  0.58991420-0.04884279j,  0.47783047+0.03601211j,  0.35573798-0.04600382j,  0.46227252-0.10869890j,  0.60260755-0.03612161j,  0.63990855-0.11236924j,  0.54593545-0.02481025j,  0.48614997-0.01970190j,  0.46150064+0.02349800j,  0.37492836+0.00896114j,  0.43431669-0.14391160j;
  0.50429779+0.07584387j,  0.52990103+0.04061812j,  0.54905683-0.00579685j,  0.49805039+0.02393007j,  0.54503000-0.19031936j,  0.46117461-0.02108163j,  0.51306492+0.09584689j,  0.51783222+0.09746933j,  0.66521221-0.01447409j,  0.64093834-0.11376238j,  0.43568796+0.01101083j,  0.36351717-0.07098943j,  4.45462579+0.00000000j,  0.45108020-0.00201774j,  0.51594579-0.09387821j,  0.43408215+0.10768187j,  0.66774857-0.04163688j,  0.62780005-0.17643976j,  0.58749247+0.09507823j,  0.53938538+0.06494957j,  0.46840507+0.13652611j,  0.44826669+0.01073945j,  0.59911025+0.01349640j,  0.56392694-0.15049356j,  0.58455783+0.13373828j,  0.46093136+0.10446250j,  0.61855525+0.12589616j,  0.66366524-0.13418251j,  0.51658899+0.07838511j,  0.54815930+0.01681721j,  0.48186553+0.06202388j,  0.58822578+0.02693075j,  0.52550495-0.08231390j,  0.66564554-0.13025719j,  0.63668418-0.05886871j,  0.47179371+0.03554022j,  0.65331727+0.07406741j,  0.62440133-0.07161951j,  0.47779518+0.04559231j,  0.48729146-0.07907063j,  0.51913184-0.10133302j,  0.62283379+0.05301183j,  0.56268609-0.09248447j,  0.66367584-0.05913901j,  0.56576616-0.07764494j,  0.62782854+0.11380351j,  0.57304394-0.06168050j,  0.58873314-0.14135808j,  0.46271360-0.19759786j,  0.60157359+0.02743429j,  0.40621191+0.00573975j,  0.60871911-0.12085503j,  0.54484552-0.08805501j,  0.54540998-0.01706719j,  0.58218992-0.05707639j,  0.63163376-0.07750267j,  0.44009632+0.08062679j,  0.62547529+0.01500082j,  0.61375380+0.01145059j,  0.59346658-0.06344700j,  0.56886727-0.06280172j,  0.57566065+0.05883056j,  0.48590070+0.09412628j,  0.50277048+0.00208431j;
  0.64655477+0.07450181j,  0.57960057-0.04335952j,  0.54401362-0.03092128j,  0.62630492+0.04655927j,  0.50897056-0.04486197j,  0.59595144-0.12691605j,  0.62369031-0.08692771j,  0.47249609-0.10872269j,  0.50308132-0.10548609j,  0.54976398+0.01721871j,  0.43866628+0.02372605j,  0.41012645-0.14123350j,  0.45108020+0.00201774j,  4.43201250+0.00000000j,  0.72199023-0.02759737j,  0.52148479+0.14180928j,  0.51154536-0.01640975j,  0.44081002+0.01705062j,  0.51494825-0.01550186j,  0.44315755-0.09640676j,  0.52657878+0.01803744j,  0.44158542+0.00855613j,  0.43379474+0.11473811j,  0.39945161-0.02463639j,  0.57267398-0.01587087j,  0.49966484+0.08097911j,  0.59935302+0.05468661j,  0.37472910-0.15588039j,  0.32249326-0.01122195j,  0.68796629+0.02957439j,  0.53143823-0.04540950j,  0.50552315-0.05606556j,  0.53504586-0.01000828j,  0.45876616+0.04636914j,  0.53399050-0.04330152j,  0.42831123+0.00816196j,  0.48308158+0.00895029j,  0.43090123-0.01380605j,  0.49387503+0.07483059j,  0.64323866-0.14784491j,  0.53427404-0.07458001j,  0.57438314-0.04971546j,  0.52643377+0.00873202j,  0.38685346-0.13255233j,  0.46729577-0.05740792j,  0.60501206+0.05343133j,  0.60173726-0.01537728j,  0.42870808+0.09648800j,  0.47698575+0.00063473j,  0.49613601-0.02176225j,  0.42708570-0.02984661j,  0.38678068-0.08200222j,  0.54885280-0.16584051j,  0.66941935-0.06492448j,  0.56450415+0.03359169j,  0.36708415-0.02562618j,  0.39382690+0.04016930j,  0.69898939+0.17689067j,  0.45372558+0.09029239j,  0.60380930-0.09799135j,  0.56890243+0.00295091j,  0.38789773-0.05293840j,  0.47894454+0.11670130j,  0.53636730+0.05422467j;
  0.58845657-0.14375430j,  0.64596605+0.04530507j,  0.51008421-0.09034997j,  0.52428246-0.19213247j,  0.66269302-0.11548609j,  0.51769155-0.05534226j,  0.61444640-0.01142269j,  0.48981661-0.07459885j,  0.73644537+0.07944286j,  0.51166403+0.01191723j,  0.49501455+0.11543930j,  0.63283271+0.13265753j,  0.51594579+0.09387821j,  0.72199023+0.02759737j,  4.47695571+0.00000000j,  0.58097315-0.05489713j,  0.47537446-0.00275069j,  0.64935583-0.08147192j,  0.54951799-0.00718993j,  0.56106752-0.06794524j,  0.45068932+0.01945907j,  0.69043261+0.07391810j,  0.70957148+0.00591797j,  0.53934950+0.00605071j,  0.56384879+0.03086317j,  0.63526881+0.06652516j,  0.62269008-0.14572144j,  0.47021842-0.07518470j,  0.44030994-0.16085535j,  0.54641777-0.04194283j,  0.46403956+0.11068046j,  0.64909345-0.03196990j,  0.67887032+0.02523941j,  0.61136907+0.03457910j,  0.51018351+0.04011238j,  0.71374184+0.03489798j,  0.52437949+0.04291880j,  0.47067410-0.08173817j,  0.37778652-0.13605827j,  0.58729309-0.01288855j,  0.51014012-0.14898086j,  0.42271781+0.09559423j,  0.45689785-0.03808624j,  0.53085667-0.12740147j,  0.48656029-0.12117136j,  0.45125628+0.13324469j,  0.43249989-0.04072917j,  0.44200337+0.02312618j,  0.62541276-0.18286955j,  0.57377219-0.00608468j,  0.59097314-0.08857107j,  0.58405346-0.00376946j,  0.68432289-0.03971410j,  0.62040174-0.03681999j,  0.55292398+0.02960134j,  0.57777768-0.15068084j,  0.40523708-0.02107209j,  0.52145326-0.04616636j,  0.58322167+0.00661272j,  0.72737104+0.03442013j,  0.55984998+0.05572420j,  0.44002944+0.04696715j,  0.46366388-0.01715136j,  0.56692320+0.01908809j;
  0.42426085-0.00429529j,  0.40068930-0.06431454j,  0.51698142-0.08413392j,  0.48027968-0.05119669j,  0.65852261-0.18517452j,  0.56729299-0.05398101j,  0.47233504-0.08922201j,  0.45197886+0.00732052j,  0.48522037+0.10367793j,  0.33774984+0.07733530j,  0.40817738+0.03155386j,  0.56825203+0.06020278j,  0.43408215-0.10768187j,  0.52148479-0.14180928j,  0.58097315+0.05489713j,  4.40296340+0.00000000j,  0.45164603+0.04578626j,  0.60305375-0.03190434j,  0.62616014+0.00390834j,  0.33551741-0.02192044j,  0.44947630+0.04503620j,  0.56171221+0.06555718j,  0.46629685+0.14684701j,  0.57318437-0.04478723j,  0.41353810+0.01950985j,  0.64189130-0.04355729j,  0.41140819+0.12642759j,  0.45828247+0.14187551j,  0.53487718-0.05964857j,  0.64931887-0.05171573j,  0.48572129+0.05607235j,  0.37195897-0.01221520j,  0.49484342-0.07497406j,  0.50023288+0.04270029j,  0.43496138-0.16026819j,  0.40694410+0.06738120j,  0.59063691-0.17997968j,  0.49021024-0.04263455j,  0.32992810-0.07181782j,  0.50940114+0.01192296j,  0.45120466-0.02548635j,  0.43382448+0.00738007j,  0.52166814-0.05997610j,  0.52735221+0.07814610j,  0.43821752-0.11261111j,  0.59032917-0.01512450j,  0.65584159+0.02574110j,  0.56061864-0.05644375j,  0.47369921-0.12275916j,  0.62117416-0.04901910j,  0.52494478+0.13511932j,  0.42723244-0.03293347j,  0.56320125-0.04136020j,  0.46605766-0.07801336j,  0.68052554-0.06259179j,  0.43147671-0.09652495j,  0.44082195-0.15095752j,  0.61391562+0.09504032j,  0.62745786-0.06139249j,  0.40835881-0.06326735j,  0.58990604+0.05860323j,  0.39276922-0.08286011j,  0.33060515+0.05875742j,  0.49618280-0.04294020j;
  0.51795709-0.17363083j,  0.48830295+0.10751522j,  0.63160104-0.09819424j,  0.45514518+0.10320646j,  0.56538028+0.00093013j,  0.41537178+0.07994771j,  0.44242698-0.05376953j,  0.53433043-0.03306103j,  0.51136273+0.07016277j,  0.50888044-0.02987701j,  0.39896560+0.17386824j,  0.44617081-0.11101335j,  0.66774857+0.04163688j,  0.51154536+0.01640975j,  0.47537446+0.00275069j,  0.45164603-0.04578626j,  4.41299266+0.00000000j,  0.48823392+0.00810343j,  0.51477742-0.01199496j,  0.52158320+0.03181493j,  0.58863783-0.11954641j,  0.57524866-0.17061484j,  0.47999328+0.00335819j,  0.46187735-0.04293090j,  0.55011368-0.06895053j,  0.46379566-0.03997606j,  0.49341094-0.00303286j,  0.46258581-0.02780539j,  0.57029212-0.11971563j,  0.42424142-0.07822877j,  0.41152388-0.01481581j,  0.54550827-0.08997262j,  0.54330701-0.06237429j,  0.46034473+0.08528793j,  0.44759959+0.00790882j,  0.50870484-0.17130691j,  0.52202773+0.06235015j,  0.53218675+0.04116309j,  0.54905319-0.07301408j,  0.36825210-0.10828525j,  0.63881689-0.10352862j,  0.33735770+0.12942821j,  0.47083569-0.06041896j,  0.57210970+0.03042924j,  0.51942962+0.07473809j,  0.52491808-0.03413689j,  0.44995546-0.08373702j,  0.60958606+0.16130531j,  0.50731480-0.00648654j,  0.48891854-0.05073404j,  0.42481816-0.03730798j,  0.34438360+0.03805184j,  0.55598545-0.13889700j,  0.49817747-0.12849808j,  0.67111486-0.03637528j,  0.63364071-0.02145320j,  0.36515450+0.09107196j,  0.50932622-0.11095530j,  0.51865309+0.04532444j,  0.53405809-0.20698655j,  0.63654691+0.05209476j,  0.44217485-0.04456174j,  0.36359143+0.00966549j,  0.50018507-0.19010115j;
  0.57759368+0.10578853j,  0.51681954-0.14333773j,  0.65361279+0.04775953j,  0.40333819-0.13735878j,  0.60223675-0.00054562j,  0.58380169+0.04160595j,  0.60471833+0.03298557j,  0.50770342+0.06147563j,  0.63208425+0.12376767j,  0.64992851-0.00807416j,  0.52278340+0.15955573j,  0.64777452+0.13830471j,  0.62780005+0.17643976j,  0.44081002-0.01705062j,  0.64935583+0.08147192j,  0.60305375+0.03190434j,  0.48823392-0.00810343j,  4.46826506+0.00000000j,  0.52399582+0.00744498j,  0.50859183-0.11451054j,  0.49637800-0.05651104j,  0.54086101-0.06360036j,  0.52380258-0.04406905j,  0.48624426+0.00090080j,  0.37720412-0.00105101j,  0.57604676-0.08498919j,  0.45390445-0.02441543j,  0.58986610-0.05368817j,  0.51786858-0.03374118j,  0.55523396+0.03994864j,  0.56787473+0.02997082j,  0.57780242+0.02806652j,  0.54221278-0.02697176j,  0.48019505-0.05725527j,  0.66783172+0.06309366j,  0.54391396+0.03368157j,  0.68641609-0.01156086j,  0.39656252+0.07354671j,  0.64228308-0.00910127j,  0.54292870+0.13160676j,  0.59001803-0.04642254j,  0.43707436+0.09322649j,  0.50260836+0.09068680j,  0.55981326+0.01727384j,  0.49072248-0.02140826j,  0.56914115+0.10183489j,  0.61278492-0.11040235j,  0.68134755-0.00460821j,  0.50357634+0.08005750j,  0.53769469+0.03646725j,  0.49556863+0.02644187j,  0.50431889+0.12484682j,  0.50734299+0.02899241j,  0.61080873-0.12184554j,  0.70562696+0.08882999j,  0.56005961+0.16037726j,  0.48090315-0.09489685j,  0.46341610-0.04232585j,  0.64487559-0.02403945j,  0.45830160-0.00502002j,  0.47735941+0.08685666j,  0.52104342+0.06625390j,  0.65309477+0.11188781j,  0.61427492-0.09538704j;
  0.37140715+0.07795238j,  0.50794125-0.07707596j,  0.59559667+0.11005372j,  0.60580772+0.01344395j,  0.35662466+0.03205937j,  0.58814573-0.05311966j,  0.62223339-0.12922472j,  0.58109039+0.05802202j,  0.64081043-0.14168566j,  0.58478791+0.02329069j,  0.44689614-0.08043379j,  0.41253406+0.08767349j,  0.58749247-0.09507823j,  0.51494825+0.01550186j,  0.54951799+0.00718993j,  0.62616014-0.00390834j,  0.51477742+0.01199496j,  0.52399582-0.00744498j,  4.44011915+0.00000000j,  0.59181869+0.01073939j,  0.54262680+0.00761020j,  0.48904395-0.03987491j,  0.55604023+0.00640130j,  0.45527446+0.08728689j,  0.60757256-0.14837265j,  0.53844196-0.10923517j,  0.37480909-0.00975454j,  0.60670811-0.00158083j,  0.52415305-0.05658424j,  0.62576473-0.00238711j,  0.41736585+0.17205936j,  0.48861587+0.03591186j,  0.47388279+0.09322804j,  0.40640497-0.04834163j,  0.57862890-0.01592731j,  0.54888648-0.14876789j,  0.49695539+0.00064582j,  0.48826873-0.14878780j,  0.52983934+0.05757254j,  0.53768814+0.10304844j,  0.46474123+0.02229708j,  0.67338407+0.06968790j,  0.59924042-0.03802013j,  0.50850511+0.00539380j,  0.62308055+0.09216261j,  0.39449805+0.07506782j,  0.67084199+0.08100694j,  0.47165203+0.07383156j,  0.48992330-0.01983029j,  0.56222230+0.05261129j,  0.67006135-0.11230046j,  0.37723011-0.06658429j,  0.52976948+0.04113328j,  0.64869463+0.01690793j,  0.48352695+0.01561505j,  0.49554604-0.01383120j,  0.64499706-0.00247633j,  0.49404675-0.04030782j,  0.48602146-0.08112568j,  0.59600979-0.09235311j,  0.44046283-0.11265862j,  0.56567562-0.12037522j,  0.47952187+0.05588663j,  0.48751676-0.11339849j;
  0.54308754+0.15924919j,  0.35799456-0.02100044j,  0.51270592+0.04971629j,  0.36863571+0.03032798j,  0.50673234-0.00912333j,  0.47402000+0.10285074j,  0.43209332+0.07400626j,  0.36878335+0.12234604j,  0.55331433-0.02975416j,  0.47409844-0.04243165j,  0.49039114+0.02352411j,  0.43388039-0.09290093j,  0.53938538-0.06494957j,  0.44315755+0.09640676j,  0.56106752+0.06794524j,  0.33551741+0.02192044j,  0.52158320-0.03181493j,  0.50859183+0.11451054j,  0.59181869-0.01073939j,  4.39727700+0.00000000j,  0.34436637-0.02584916j,  0.49379915+0.14292866j,  0.42979890+0.05700803j,  0.40592873+0.14656532j,  0.49240029-0.09972167j,  0.41148734+0.11033589j,  0.62861395+0.10761005j,  0.46349823-0.09989911j,  0.52628154+0.01717728j,  0.45359540+0.00006348j,  0.54154742+0.16515690j,  0.46859276+0.09947246j,  0.49651212+0.09897524j,  0.39281684+0.07359260j,  0.58145106-0.06522590j,  0.53122294-0.05325079j,  0.51188642+0.04590416j,  0.38476849+0.09056062j,  0.37482941+0.01398152j,  0.46690029-0.04486573j,  0.62182170+0.06689578j,  0.42923552+0.10738128j,  0.58759278+0.03097248j,  0.69336885+0.13964677j,  0.56386435-0.05833155j,  0.38284016+0.02116919j,  0.48729318+0.08970171j,  0.52339607-0.03952181j,  0.61410022+0.09068799j,  0.49913776-0.03343832j,  0.49149656+0.05902642j,  0.50379246+0.05083239j,  0.47935569+0.01464063j,  0.51698452+0.07492191j,  0.48918384-0.07709432j,  0.49652940+0.04629648j,  0.51135731+0.11977959j,  0.38489872+0.18478471j,  0.50380498+0.14928079j,  0.40663451-0.03053349j,  0.32834983-0.11439401j,  0.47956908+0.01637733j,  0.55241406+0.00952613j,  0.52366513+0.09430408j;
  0.64701515+0.03598350j,  0.44506246+0.03195435j,  0.51087713+0.06135345j,  0.44370663+0.04242229j,  0.48609877+0.06361556j,  0.35574114-0.01194137j,  0.57654876-0.18164945j,  0.41335344+0.08955646j,  0.39047790-0.10144585j,  0.49570316-0.01955009j,  0.51030779+0.16372240j,  0.59985656+0.12274456j,  0.46840507-0.13652611j,  0.52657878-0.01803744j,  0.45068932-0.01945907j,  0.44947630-0.04503620j,  0.58863783+0.11954641j,  0.49637800+0.05651104j,  0.54262680-0.00761020j,  0.34436637+0.02584916j,  4.40866607+0.00000000j,  0.57125580-0.09952337j,  0.56760710-0.02442354j,  0.38475531-0.19907176j,  0.39374340-0.01715839j,  0.45668465-0.00282592j,  0.56606966+0.03259617j,  0.45577514+0.07637739j,  0.63300830+0.09266233j,  0.60140830+0.01586074j,  0.56796640-0.06630057j,  0.54334140+0.14210707j,  0.49841791+0.04939973j,  0.55439860+0.08550870j,  0.36938083-0.00740713j,  0.46150339+0.00767773j,  0.52861792-0.16638499j,  0.50461239+0.09154940j,  0.43478853-0.02052271j,  0.59398896+0.02928466j,  0.46931171+0.00687230j,  0.49982584-0.05645078j,  0.38200504+0.13422513j,  0.51989806-0.09209716j,  0.50839835-0.16506749j,  0.57363743-0.04029709j,  0.44366175-0.08215213j,  0.55911732+0.07129490j,  0.51095408-0.12574148j,  0.56621677-0.04391545j,  0.55721462-0.00180262j,  0.41507077+0.11232275j,  0.39159614+0.02896464j,  0.54861861+0.09432602j,  0.42858094+0.15728390j,  0.41051155-0.00772303j,  0.39247906+0.01492971j,  0.61391968+0.04408777j,  0.58658224-0.02521437j,  0.53536659-0.05031288j,  0.48648971-0.00540555j,  0.50661445+0.04561895j,  0.54379249+0.01983714j,  0.53475273-0.11169738j;
  0.56789517-0.05781740j,  0.48113883+0.05345404j,  0.41486019+0.04648072j,  0.40670753-0.09588528j,  0.36680251+0.09415662j,  0.48412532+0.16825199j,  0.46956480-0.08860958j,  0.37754524+0.05950463j,  0.41785431-0.04054844j,  0.45006597+0.05255771j,  0.44686836+0.14734375j,  0.45365465-0.02509058j,  0.44826669-0.01073945j,  0.44158542-0.00855613j,  0.69043261-0.07391810j,  0.56171221-0.06555718j,  0.57524866+0.17061484j,  0.54086101+0.06360036j,  0.48904395+0.03987491j,  0.49379915-0.14292866j,  0.57125580+0.09952337j,  4.42720294+0.00000000j,  0.64720267+0.09853780j,  0.39438295+0.00031382j,  0.54889357+0.01864010j,  0.70216984+0.14215523j,  0.39026332+0.06524038j,  0.65843838+0.06555742j,  0.45306987-0.02035874j,  0.40040815+0.03963596j,  0.51786315-0.01083720j,  0.51726717+0.02758920j,  0.46504897-0.00042093j,  0.54816055+0.15000367j,  0.52913177-0.08001649j,  0.41659391+0.02950174j,  0.55648679+0.05759114j,  0.47557294-0.02230841j,  0.41243345+0.01850104j,  0.56680977-0.06033689j,  0.68268150+0.01898354j,  0.54795146+0.01756954j,  0.42426229+0.02112091j,  0.35216331-0.00679201j,  0.58054590-0.12106055j,  0.43497193+0.03977978j,  0.46257144+0.09523940j,  0.61360055+0.01502287j,  0.39502078+0.09120595j,  0.60667568-0.03800017j,  0.45021230-0.16596448j,  0.51741821+0.07804489j,  0.50087303-0.04749775j,  0.51558131+0.05863345j,  0.49759579+0.16271329j,  0.55571347-0.07173640j,  0.48420554+0.13053781j,  0.61013705+0.04331702j,  0.62671435+0.03853327j,  0.50102711-0.02772057j,  0.51817703+0.13131195j,  0.58477193+0.08384454j,  0.68913764+0.05679524j,  0.66222847+0.05762601j;
  0.45701039+0.07099569j,  0.44870788+0.01835179j,  0.56444240+0.05336839j,  0.49835080+0.05002624j,  0.47195780-0.01980001j,  0.58753407-0.18488896j,  0.47429144-0.10099989j,  0.44627887-0.16556078j,  0.45274752-0.04802376j,  0.47362632+0.00927794j,  0.55177605+0.05837172j,  0.62659901+0.11448777j,  0.59911025-0.01349640j,  0.43379474-0.11473811j,  0.70957148-0.00591797j,  0.46629685-0.14684701j,  0.47999328-0.00335819j,  0.52380258+0.04406905j,  0.55604023-0.00640130j,  0.42979890-0.05700803j,  0.56760710+0.02442354j,  0.64720267-0.09853780j,  4.44853693+0.00000000j,  0.71598309-0.17426413j,  0.36849880+0.09034455j,  0.51237500-0.05212575j,  0.55010307-0.00048292j,  0.44888854+0.07600623j,  0.51942372-0.09191114j,  0.48072654+0.05501527j,  0.43289912-0.06018615j,  0.65764451+0.01589108j,  0.52102101+0.01048386j,  0.59743595+0.06784236j,  0.35625476+0.08864039j,  0.44425195+0.05866581j,  0.51775128-0.12812501j,  0.67414266+0.02048951j,  0.47159028-0.02353752j,  0.37809634-0.06023842j,  0.53239244-0.01682007j,  0.52480495-0.00566554j,  0.36898011-0.06962484j,  0.57116425+0.06412190j,  0.54541028-0.07795888j,  0.38259107+0.16223449j,  0.58546704+0.00336862j,  0.64796507-0.02657896j,  0.64961183+0.08368260j,  0.48174906-0.11435407j,  0.43203682-0.08488560j,  0.44114965-0.08205402j,  0.51151466-0.02083105j,  0.49822974-0.11962873j,  0.51973075+0.07536638j,  0.36344707-0.08735520j,  0.40007156+0.01256919j,  0.52570742-0.10737795j,  0.51678205+0.08168107j,  0.60820502+0.01044333j,  0.56577682+0.03224492j,  0.53645515-0.04885066j,  0.60671061-0.04428309j,  0.61351687+0.03979236j;
  0.54156941+0.13133591j,  0.58221138-0.11932701j,  0.36514574+0.07208693j,  0.49367976+0.08163553j,  0.57102782+0.06618983j,  0.33410966-0.11127013j,  0.54944801-0.05475831j,  0.44200188-0.02868629j,  0.47426379+0.05397677j,  0.56442934-0.10807574j,  0.49784112+0.13342118j,  0.48931098+0.09631425j,  0.56392694+0.15049356j,  0.39945161+0.02463639j,  0.53934950-0.00605071j,  0.57318437+0.04478723j,  0.46187735+0.04293090j,  0.48624426-0.00090080j,  0.45527446-0.08728689j,  0.40592873-0.14656532j,  0.38475531+0.19907176j,  0.39438295-0.00031382j,  0.71598309+0.17426413j,  4.41810602+0.00000000j,  0.56122285-0.00000381j,  0.37797081-0.01355648j,  0.42911607-0.03557384j,  0.40479159+0.07258040j,  0.50120622+0.11917973j,  0.48309577+0.03787565j,  0.36994606+0.07402831j,  0.62098265+0.04808700j,  0.54199827+0.12212330j,  0.44640219+0.01615226j,  0.34310257-0.14619642j,  0.39581740-0.07772791j,  0.40618241+0.00122738j,  0.55361593+0.21484208j,  0.56782848+0.06598485j,  0.42213625+0.09124249j,  0.42195255-0.05690920j,  0.58129019+0.17187583j,  0.51515633-0.11349094j,  0.61272329-0.01368272j,  0.60329133+0.00215113j,  0.44812083-0.04996645j,  0.53665066+0.05978549j,  0.42075992-0.05556345j,  0.44088596+0.08402002j,  0.46530187-0.05839825j,  0.52408487-0.09260911j,  0.55574018+0.06499803j,  0.35070413+0.01823962j,  0.41704011+0.11831266j,  0.55453968+0.03165418j,  0.35442805+0.01824802j,  0.44201118+0.07894623j,  0.48283559+0.01910841j,  0.37608385-0.06360555j,  0.40304929+0.17916989j,  0.47881842+0.04276961j,  0.64254451-0.07461894j,  0.44442439-0.02070284j,  0.58738279+0.04377711j;
